31
NULL 0 Common 0
Joined 7 0,255,0,255,0,0,0,0,0,0 Latin 1 0 1 Joined	# Joined [4a 6f 69 6e 65 64 ]a
|Broken|0|1 15 0,255,0,255,0,0,0,0,0,0 Common 2 10 2 |Broken|0|1	# Broken
к 3 0,255,0,255,0,0,0,0,0,0 Cyrillic 3 0 3 к	# к [43a ]a
о 3 0,255,0,255,0,0,0,0,0,0 Cyrillic 4 0 4 о	# о [43e ]a
н 3 0,255,0,255,0,0,0,0,0,0 Cyrillic 5 0 5 н	# н [43d ]a
ф 3 0,255,0,255,0,0,0,0,0,0 Cyrillic 6 0 6 ф	# ф [444 ]a
е 3 0,255,0,255,0,0,0,0,0,0 Cyrillic 7 0 7 е	# е [435 ]a
р 3 0,255,0,255,0,0,0,0,0,0 Cyrillic 28 0 8 р	# р [440 ]a
ц 3 0,255,0,255,0,0,0,0,0,0 Cyrillic 9 0 9 ц	# ц [446 ]a
- 16 0,255,0,255,0,0,0,0,0,0 Common 10 3 10 -	# - [2d ]p
з 3 0,255,0,255,0,0,0,0,0,0 Cyrillic 11 0 11 з	# з [437 ]a
а 3 0,255,0,255,0,0,0,0,0,0 Cyrillic 12 0 12 а	# а [430 ]a
л 3 0,255,0,255,0,0,0,0,0,0 Cyrillic 13 0 13 л	# л [43b ]a
1 8 0,255,0,255,0,0,0,0,0,0 Common 14 2 14 1	# 1 [31 ]0
9 8 0,255,0,255,0,0,0,0,0,0 Common 15 2 15 9	# 9 [39 ]0
С 5 0,255,0,255,0,0,0,0,0,0 Cyrillic 16 0 16 С	# С [421 ]A
д 3 0,255,0,255,0,0,0,0,0,0 Cyrillic 17 0 17 д	# д [434 ]a
у 3 0,255,0,255,0,0,0,0,0,0 Cyrillic 29 0 18 у	# у [443 ]a
ю 3 0,255,0,255,0,0,0,0,0,0 Cyrillic 30 0 19 ю	# ю [44e ]a
щ 3 0,255,0,255,0,0,0,0,0,0 Cyrillic 20 0 20 щ	# щ [449 ]a
я 3 0,255,0,255,0,0,0,0,0,0 Cyrillic 21 0 21 я	# я [44f ]a
ч 3 0,255,0,255,0,0,0,0,0,0 Cyrillic 22 0 22 ч	# ч [447 ]a
г 3 0,255,0,255,0,0,0,0,0,0 Cyrillic 23 0 23 г	# г [433 ]a
: 16 0,255,0,255,0,0,0,0,0,0 Common 24 6 24 :	# : [3a ]p
3 8 0,255,0,255,0,0,0,0,0,0 Common 25 2 25 3	# 3 [33 ]0
8 8 0,255,0,255,0,0,0,0,0,0 Common 26 2 26 8	# 8 [38 ]0
Ы 5 0,255,0,255,0,0,0,0,0,0 Cyrillic 27 0 27 Ы	# Ы [42b ]A
Р 5 0,255,0,255,0,0,0,0,0,0 Cyrillic 8 0 28 Р	# Р [420 ]A
У 5 0,255,0,255,0,0,0,0,0,0 Cyrillic 18 0 29 У	# У [423 ]A
Ю 5 0,255,0,255,0,0,0,0,0,0 Cyrillic 19 0 30 Ю	# Ю [42e ]A
